OBJECTID	IN_FID	NEAR_FID	NEAR_DIST	NEAR_RANK	FROM_X	FROM_Y	NEAR_X	NEAR_Y
1	0	8	929.7644258	1	-3.7122567	40.4238823	-3.7031662	40.4192091
2	0	10	2444.381887	2	-3.7122567	40.4238823	-3.7071303	40.4455439
3	0	1	2554.060586	3	-3.7122567	40.4238823	-3.6823158	40.4215533
4	0	14	2570.59323	4	-3.7122567	40.4238823	-3.6903729	40.4398904
5	0	15	2734.261277	5	-3.7122567	40.4238823	-3.6824999	40.4144444
6	0	6	3019.861373	6	-3.7122567	40.4238823	-3.7473445	40.4193577
7	0	13	3586.190482	7	-3.7122567	40.4238823	-3.6868138	40.3980991
8	0	5	3633.631752	8	-3.7122567	40.4238823	-3.7318356	40.3947825
9	0	2	4261.336107	9	-3.7122567	40.4238823	-3.6773491	40.4514734
10	0	19	4349.118698	10	-3.7122567	40.4238823	-3.7187679	40.3850336
11	0	16	5042.03613	11	-3.7122567	40.4238823	-3.6887449	40.4655841
12	0	9	5950.96836	12	-3.7122567	40.4238823	-3.6453104	40.4079517
13	0	11	6035.502258	13	-3.7122567	40.4238823	-3.7115364	40.4782322
14	0	3	6450.266416	14	-3.7122567	40.4238823	-3.6392422	40.4400457
15	0	12	6505.307302	15	-3.7122567	40.4238823	-3.6515286	40.3881478
16	0	4	8521.320388	16	-3.7122567	40.4238823	-3.7133167	40.347147
17	0	23	8724.945837	17	-3.7122567	40.4238823	-3.6897308	40.5005477
18	0	20	8957.169189	18	-3.7122567	40.4238823	-3.6605173	40.4942012
19	0	22	9108.097355	19	-3.7122567	40.4238823	-3.6163407	40.4607255
20	0	17	10205.40164	20	-3.7122567	40.4238823	-3.6121394	40.3730118
21	0	21	11719.68679	21	-3.7122567	40.4238823	-3.7746101	40.5180701
22	0	18	11961.87208	22	-3.7122567	40.4238823	-3.5805649	40.4623628
23	0	7	12669.17774	23	-3.7122567	40.4238823	-3.5800258	40.4769179
24	1	15	789.5458968	1	-3.6823158	40.4215533	-3.6824999	40.4144444
25	1	8	1788.57327	2	-3.6823158	40.4215533	-3.7031662	40.4192091
26	1	14	2147.918941	3	-3.6823158	40.4215533	-3.6903729	40.4398904
27	1	0	2554.060586	4	-3.6823158	40.4215533	-3.7122567	40.4238823
28	1	13	2632.249439	5	-3.6823158	40.4215533	-3.6868138	40.3980991
29	1	2	3349.037811	6	-3.6823158	40.4215533	-3.6773491	40.4514734
30	1	10	3395.606618	7	-3.6823158	40.4215533	-3.7071303	40.4455439
31	1	9	3485.111967	8	-3.6823158	40.4215533	-3.6453104	40.4079517
32	1	3	4192.337698	9	-3.6823158	40.4215533	-3.6392422	40.4400457
33	1	12	4537.615119	10	-3.6823158	40.4215533	-3.6515286	40.3881478
34	1	16	4919.649065	11	-3.6823158	40.4215533	-3.6887449	40.4655841
35	1	19	5101.001178	12	-3.6823158	40.4215533	-3.7187679	40.3850336
36	1	5	5148.3495	13	-3.6823158	40.4215533	-3.7318356	40.3947825
37	1	6	5524.22544	14	-3.6823158	40.4215533	-3.7473445	40.4193577
38	1	11	6764.358493	15	-3.6823158	40.4215533	-3.7115364	40.4782322
39	1	22	7088.878095	16	-3.6823158	40.4215533	-3.6163407	40.4607255
40	1	17	8034.220886	17	-3.6823158	40.4215533	-3.6121394	40.3730118
41	1	20	8276.251494	18	-3.6823158	40.4215533	-3.6605173	40.4942012
42	1	4	8671.437561	19	-3.6823158	40.4215533	-3.7133167	40.347147
43	1	23	8794.332015	20	-3.6823158	40.4215533	-3.6897308	40.5005477
44	1	18	9749.7557	21	-3.6823158	40.4215533	-3.5805649	40.4623628
45	1	7	10634.56526	22	-3.6823158	40.4215533	-3.5800258	40.4769179
46	1	21	13271.38903	23	-3.6823158	40.4215533	-3.7746101	40.5180701
47	2	14	1695.618872	1	-3.6773491	40.4514734	-3.6903729	40.4398904
48	2	16	1841.053163	2	-3.6773491	40.4514734	-3.6887449	40.4655841
49	2	10	2610.805122	3	-3.6773491	40.4514734	-3.7071303	40.4455439
50	2	1	3349.037811	4	-3.6773491	40.4514734	-3.6823158	40.4215533
51	2	3	3472.969182	5	-3.6773491	40.4514734	-3.6392422	40.4400457
52	2	15	4134.972656	6	-3.6773491	40.4514734	-3.6824999	40.4144444
53	2	11	4151.654367	7	-3.6773491	40.4514734	-3.7115364	40.4782322
54	2	8	4199.340462	8	-3.6773491	40.4514734	-3.7031662	40.4192091
55	2	0	4261.336107	9	-3.6773491	40.4514734	-3.7122567	40.4238823
56	2	20	4954.707694	10	-3.6773491	40.4514734	-3.6605173	40.4942012
57	2	22	5275.913752	11	-3.6773491	40.4514734	-3.6163407	40.4607255
58	2	9	5544.993193	12	-3.6773491	40.4514734	-3.6453104	40.4079517
59	2	23	5549.621729	13	-3.6773491	40.4514734	-3.6897308	40.5005477
60	2	13	5981.008561	14	-3.6773491	40.4514734	-3.6868138	40.3980991
61	2	6	6927.49179	15	-3.6773491	40.4514734	-3.7473445	40.4193577
62	2	12	7365.383603	16	-3.6773491	40.4514734	-3.6515286	40.3881478
63	2	5	7810.859839	17	-3.6773491	40.4514734	-3.7318356	40.3947825
64	2	19	8172.310504	18	-3.6773491	40.4514734	-3.7187679	40.3850336
65	2	18	8298.001303	19	-3.6773491	40.4514734	-3.5805649	40.4623628
66	2	7	8724.448505	20	-3.6773491	40.4514734	-3.5800258	40.4769179
67	2	17	10322.00802	21	-3.6773491	40.4514734	-3.6121394	40.3730118
68	2	21	11076.66501	22	-3.6773491	40.4514734	-3.7746101	40.5180701
69	2	4	11980.29757	23	-3.6773491	40.4514734	-3.7133167	40.347147
70	3	22	3007.901335	1	-3.6392422	40.4400457	-3.6163407	40.4607255
71	3	2	3472.969182	2	-3.6392422	40.4400457	-3.6773491	40.4514734
72	3	9	3600.821383	3	-3.6392422	40.4400457	-3.6453104	40.4079517
73	3	1	4192.337698	4	-3.6392422	40.4400457	-3.6823158	40.4215533
74	3	14	4338.130421	5	-3.6392422	40.4400457	-3.6903729	40.4398904
75	3	15	4642.913185	6	-3.6392422	40.4400457	-3.6824999	40.4144444
76	3	16	5067.069906	7	-3.6392422	40.4400457	-3.6887449	40.4655841
77	3	18	5560.328995	8	-3.6392422	40.4400457	-3.5805649	40.4623628
78	3	10	5791.876654	9	-3.6392422	40.4400457	-3.7071303	40.4455439
79	3	12	5856.469025	10	-3.6392422	40.4400457	-3.6515286	40.3881478
80	3	8	5897.208494	11	-3.6392422	40.4400457	-3.7031662	40.4192091
81	3	13	6164.099816	12	-3.6392422	40.4400457	-3.6868138	40.3980991
82	3	20	6278.474349	13	-3.6392422	40.4400457	-3.6605173	40.4942012
83	3	0	6450.266416	14	-3.6392422	40.4400457	-3.7122567	40.4238823
84	3	7	6480.131945	15	-3.6392422	40.4400457	-3.5800258	40.4769179
85	3	11	7455.285123	16	-3.6392422	40.4400457	-3.7115364	40.4782322
86	3	17	7791.033672	17	-3.6392422	40.4400457	-3.6121394	40.3730118
87	3	23	7966.763114	18	-3.6392422	40.4400457	-3.6897308	40.5005477
88	3	19	9103.736117	19	-3.6392422	40.4400457	-3.7187679	40.3850336
89	3	5	9328.396193	20	-3.6392422	40.4400457	-3.7318356	40.3947825
90	3	6	9456.427652	21	-3.6392422	40.4400457	-3.7473445	40.4193577
91	3	4	12081.60467	22	-3.6392422	40.4400457	-3.7133167	40.347147
92	3	21	14381.26423	23	-3.6392422	40.4400457	-3.7746101	40.5180701
93	4	19	4232.392971	1	-3.7133167	40.347147	-3.7187679	40.3850336
94	4	5	5518.410933	2	-3.7133167	40.347147	-3.7318356	40.3947825
95	4	13	6089.097265	3	-3.7133167	40.347147	-3.6868138	40.3980991
96	4	12	6947.562054	4	-3.7133167	40.347147	-3.6515286	40.3881478
97	4	15	7917.788342	5	-3.7133167	40.347147	-3.6824999	40.4144444
98	4	8	8048.207311	6	-3.7133167	40.347147	-3.7031662	40.4192091
99	4	0	8521.320388	7	-3.7133167	40.347147	-3.7122567	40.4238823
100	4	6	8523.146208	8	-3.7133167	40.347147	-3.7473445	40.4193577
101	4	1	8671.437561	9	-3.7133167	40.347147	-3.6823158	40.4215533
102	4	9	8884.862449	10	-3.7133167	40.347147	-3.6453104	40.4079517
103	4	17	9061.561682	11	-3.7133167	40.347147	-3.6121394	40.3730118
104	4	14	10481.04303	12	-3.7133167	40.347147	-3.6903729	40.4398904
105	4	10	10938.83002	13	-3.7133167	40.347147	-3.7071303	40.4455439
106	4	2	11980.29757	14	-3.7133167	40.347147	-3.6773491	40.4514734
107	4	3	12081.60467	15	-3.7133167	40.347147	-3.6392422	40.4400457
108	4	16	13315.91811	16	-3.7133167	40.347147	-3.6887449	40.4655841
109	4	11	14556.82229	17	-3.7133167	40.347147	-3.7115364	40.4782322
110	4	22	15060.9282	18	-3.7133167	40.347147	-3.6163407	40.4607255
111	4	20	16932.95424	19	-3.7133167	40.347147	-3.6605173	40.4942012
112	4	18	17049.10421	20	-3.7133167	40.347147	-3.5805649	40.4623628
113	4	23	17151.23603	21	-3.7133167	40.347147	-3.6897308	40.5005477
114	4	7	18320.65068	22	-3.7133167	40.347147	-3.5800258	40.4769179
115	4	21	19679.49065	23	-3.7133167	40.347147	-3.7746101	40.5180701
116	5	19	1550.14301	1	-3.7318356	40.3947825	-3.7187679	40.3850336
117	5	6	3029.840014	2	-3.7318356	40.3947825	-3.7473445	40.4193577
118	5	0	3633.631752	3	-3.7318356	40.3947825	-3.7122567	40.4238823
119	5	8	3644.096226	4	-3.7318356	40.3947825	-3.7031662	40.4192091
120	5	13	3839.96094	5	-3.7318356	40.3947825	-3.6868138	40.3980991
121	5	15	4722.935207	6	-3.7318356	40.3947825	-3.6824999	40.4144444
122	5	1	5148.3495	7	-3.7318356	40.3947825	-3.6823158	40.4215533
123	5	4	5518.410933	8	-3.7318356	40.3947825	-3.7133167	40.347147
124	5	10	6014.010931	9	-3.7318356	40.3947825	-3.7071303	40.4455439
125	5	14	6121.480801	10	-3.7318356	40.3947825	-3.6903729	40.4398904
126	5	12	6858.089698	11	-3.7318356	40.3947825	-3.6515286	40.3881478
127	5	9	7489.429178	12	-3.7318356	40.3947825	-3.6453104	40.4079517
128	5	2	7810.859839	13	-3.7318356	40.3947825	-3.6773491	40.4514734
129	5	16	8670.708019	14	-3.7318356	40.3947825	-3.6887449	40.4655841
130	5	3	9328.396193	15	-3.7318356	40.3947825	-3.6392422	40.4400457
131	5	11	9425.211714	16	-3.7318356	40.3947825	-3.7115364	40.4782322
132	5	17	10447.39001	17	-3.7318356	40.3947825	-3.6121394	40.3730118
133	5	22	12234.10967	18	-3.7318356	40.3947825	-3.6163407	40.4607255
134	5	23	12275.66765	19	-3.7318356	40.3947825	-3.6897308	40.5005477
135	5	20	12589.07043	20	-3.7318356	40.3947825	-3.6605173	40.4942012
136	5	21	14162.90228	21	-3.7318356	40.3947825	-3.7746101	40.5180701
137	5	18	14869.07923	22	-3.7318356	40.3947825	-3.5805649	40.4623628
138	5	7	15782.90968	23	-3.7318356	40.3947825	-3.5800258	40.4769179
139	6	0	3019.861373	1	-3.7473445	40.4193577	-3.7122567	40.4238823
140	6	5	3029.840014	2	-3.7473445	40.4193577	-3.7318356	40.3947825
141	6	8	3749.416605	3	-3.7473445	40.4193577	-3.7031662	40.4192091
142	6	10	4483.184724	4	-3.7473445	40.4193577	-3.7071303	40.4455439
143	6	19	4517.956467	5	-3.7473445	40.4193577	-3.7187679	40.3850336
144	6	14	5345.077291	6	-3.7473445	40.4193577	-3.6903729	40.4398904
145	6	1	5524.22544	7	-3.7473445	40.4193577	-3.6823158	40.4215533
146	6	15	5530.485231	8	-3.7473445	40.4193577	-3.6824999	40.4144444
147	6	13	5654.335192	9	-3.7473445	40.4193577	-3.6868138	40.3980991
148	6	2	6927.49179	10	-3.7473445	40.4193577	-3.6773491	40.4514734
149	6	16	7146.030444	11	-3.7473445	40.4193577	-3.6887449	40.4655841
150	6	11	7208.878399	12	-3.7473445	40.4193577	-3.7115364	40.4782322
151	6	4	8523.146208	13	-3.7473445	40.4193577	-3.7133167	40.347147
152	6	9	8752.406856	14	-3.7473445	40.4193577	-3.6453104	40.4079517
153	6	12	8841.240362	15	-3.7473445	40.4193577	-3.6515286	40.3881478
154	6	3	9456.427652	16	-3.7473445	40.4193577	-3.6392422	40.4400457
155	6	23	10254.80928	17	-3.7473445	40.4193577	-3.6897308	40.5005477
156	6	20	11104.59213	18	-3.7473445	40.4193577	-3.6605173	40.4942012
157	6	21	11202.62377	19	-3.7473445	40.4193577	-3.7746101	40.5180701
158	6	22	12026.61758	20	-3.7473445	40.4193577	-3.6163407	40.4607255
159	6	17	12579.54902	21	-3.7473445	40.4193577	-3.6121394	40.3730118
160	6	18	14934.03423	22	-3.7473445	40.4193577	-3.5805649	40.4623628
161	6	7	15566.86247	23	-3.7473445	40.4193577	-3.5800258	40.4769179
162	7	18	1616.898232	1	-3.5800258	40.4769179	-3.5805649	40.4623628
163	7	22	3566.221765	2	-3.5800258	40.4769179	-3.6163407	40.4607255
164	7	3	6480.131945	3	-3.5800258	40.4769179	-3.6392422	40.4400457
165	7	20	7089.273145	4	-3.5800258	40.4769179	-3.6605173	40.4942012
166	7	2	8724.448505	5	-3.5800258	40.4769179	-3.6773491	40.4514734
167	7	16	9305.309611	6	-3.5800258	40.4769179	-3.6887449	40.4655841
168	7	9	9451.254363	7	-3.5800258	40.4769179	-3.6453104	40.4079517
169	7	23	9664.04417	8	-3.5800258	40.4769179	-3.6897308	40.5005477
170	7	14	10222.95555	9	-3.5800258	40.4769179	-3.6903729	40.4398904
171	7	1	10634.56526	10	-3.5800258	40.4769179	-3.6823158	40.4215533
172	7	15	11122.16265	11	-3.5800258	40.4769179	-3.6824999	40.4144444
173	7	11	11152.52455	12	-3.5800258	40.4769179	-3.7115364	40.4782322
174	7	10	11329.51668	13	-3.5800258	40.4769179	-3.7071303	40.4455439
175	7	12	11574.84965	14	-3.5800258	40.4769179	-3.6515286	40.3881478
176	7	17	11855.50056	15	-3.5800258	40.4769179	-3.6121394	40.3730118
177	7	8	12255.26537	16	-3.5800258	40.4769179	-3.7031662	40.4192091
178	7	13	12597.47435	17	-3.5800258	40.4769179	-3.6868138	40.3980991
179	7	0	12669.17774	18	-3.5800258	40.4769179	-3.7122567	40.4238823
180	7	6	15566.86247	19	-3.5800258	40.4769179	-3.7473445	40.4193577
181	7	19	15578.97299	20	-3.5800258	40.4769179	-3.7187679	40.3850336
182	7	5	15782.90968	21	-3.5800258	40.4769179	-3.7318356	40.3947825
183	7	21	17116.36986	22	-3.5800258	40.4769179	-3.7746101	40.5180701
184	7	4	18320.65068	23	-3.5800258	40.4769179	-3.7133167	40.347147
185	8	0	929.7644258	1	-3.7031662	40.4192091	-3.7122567	40.4238823
186	8	1	1788.57327	2	-3.7031662	40.4192091	-3.6823158	40.4215533
187	8	15	1832.058629	3	-3.7031662	40.4192091	-3.6824999	40.4144444
188	8	14	2540.172686	4	-3.7031662	40.4192091	-3.6903729	40.4398904
189	8	13	2724.239049	5	-3.7031662	40.4192091	-3.6868138	40.3980991
190	8	10	2943.575479	6	-3.7031662	40.4192091	-3.7071303	40.4455439
191	8	5	3644.096226	7	-3.7031662	40.4192091	-3.7318356	40.3947825
192	8	6	3749.416605	8	-3.7031662	40.4192091	-3.7473445	40.4193577
193	8	19	4019.406331	9	-3.7031662	40.4192091	-3.7187679	40.3850336
194	8	2	4199.340462	10	-3.7031662	40.4192091	-3.6773491	40.4514734
195	8	9	5067.204738	11	-3.7031662	40.4192091	-3.6453104	40.4079517
196	8	16	5292.977836	12	-3.7031662	40.4192091	-3.6887449	40.4655841
197	8	12	5577.736175	13	-3.7031662	40.4192091	-3.6515286	40.3881478
198	8	3	5897.208494	14	-3.7031662	40.4192091	-3.6392422	40.4400457
199	8	11	6592.469263	15	-3.7031662	40.4192091	-3.7115364	40.4782322
200	8	4	8048.207311	16	-3.7031662	40.4192091	-3.7133167	40.347147
201	8	22	8690.184576	17	-3.7031662	40.4192091	-3.6163407	40.4607255
202	8	20	9079.211968	18	-3.7031662	40.4192091	-3.6605173	40.4942012
203	8	23	9103.726162	19	-3.7031662	40.4192091	-3.6897308	40.5005477
204	8	17	9275.656046	20	-3.7031662	40.4192091	-3.6121394	40.3730118
205	8	18	11452.47999	21	-3.7031662	40.4192091	-3.5805649	40.4623628
206	8	7	12255.26537	22	-3.7031662	40.4192091	-3.5800258	40.4769179
207	8	21	12538.93703	23	-3.7031662	40.4192091	-3.7746101	40.5180701
208	9	12	2261.545755	1	-3.6453104	40.4079517	-3.6515286	40.3881478
209	9	15	3237.910623	2	-3.6453104	40.4079517	-3.6824999	40.4144444
210	9	1	3485.111967	3	-3.6453104	40.4079517	-3.6823158	40.4215533
211	9	3	3600.821383	4	-3.6453104	40.4079517	-3.6392422	40.4400457
212	9	13	3689.170141	5	-3.6453104	40.4079517	-3.6868138	40.3980991
213	9	17	4794.263388	6	-3.6453104	40.4079517	-3.6121394	40.3730118
214	9	8	5067.204738	7	-3.6453104	40.4079517	-3.7031662	40.4192091
215	9	14	5215.582045	8	-3.6453104	40.4079517	-3.6903729	40.4398904
216	9	2	5544.993193	9	-3.6453104	40.4079517	-3.6773491	40.4514734
217	9	0	5950.96836	10	-3.6453104	40.4079517	-3.7122567	40.4238823
218	9	22	6354.815795	11	-3.6453104	40.4079517	-3.6163407	40.4607255
219	9	10	6704.176596	12	-3.6453104	40.4079517	-3.7071303	40.4455439
220	9	19	6735.646557	13	-3.6453104	40.4079517	-3.7187679	40.3850336
221	9	16	7384.937069	14	-3.6453104	40.4079517	-3.6887449	40.4655841
222	9	5	7489.429178	15	-3.6453104	40.4079517	-3.7318356	40.3947825
223	9	18	8166.100152	16	-3.6453104	40.4079517	-3.5805649	40.4623628
224	9	6	8752.406856	17	-3.6453104	40.4079517	-3.7473445	40.4193577
225	9	4	8884.862449	18	-3.6453104	40.4079517	-3.7133167	40.347147
226	9	7	9451.254363	19	-3.6453104	40.4079517	-3.5800258	40.4769179
227	9	11	9616.307738	20	-3.6453104	40.4079517	-3.7115364	40.4782322
228	9	20	9663.914613	21	-3.6453104	40.4079517	-3.6605173	40.4942012
229	9	23	10950.83059	22	-3.6453104	40.4079517	-3.6897308	40.5005477
230	9	21	16425.15279	23	-3.6453104	40.4079517	-3.7746101	40.5180701
231	10	14	1554.132238	1	-3.7071303	40.4455439	-3.6903729	40.4398904
232	10	0	2444.381887	2	-3.7071303	40.4455439	-3.7122567	40.4238823
233	10	2	2610.805122	3	-3.7071303	40.4455439	-3.6773491	40.4514734
234	10	16	2717.387658	4	-3.7071303	40.4455439	-3.6887449	40.4655841
235	10	8	2943.575479	5	-3.7071303	40.4455439	-3.7031662	40.4192091
236	10	1	3395.606618	6	-3.7071303	40.4455439	-3.6823158	40.4215533
237	10	11	3649.010613	7	-3.7071303	40.4455439	-3.7115364	40.4782322
238	10	15	4036.590387	8	-3.7071303	40.4455439	-3.6824999	40.4144444
239	10	6	4483.184724	9	-3.7071303	40.4455439	-3.7473445	40.4193577
240	10	13	5543.361079	10	-3.7071303	40.4455439	-3.6868138	40.3980991
241	10	3	5791.876654	11	-3.7071303	40.4455439	-3.6392422	40.4400457
242	10	5	6014.010931	12	-3.7071303	40.4455439	-3.7318356	40.3947825
243	10	23	6283.52421	13	-3.7071303	40.4455439	-3.6897308	40.5005477
244	10	20	6694.767214	14	-3.7071303	40.4455439	-3.6605173	40.4942012
245	10	9	6704.176596	15	-3.7071303	40.4455439	-3.6453104	40.4079517
246	10	19	6791.433357	16	-3.7071303	40.4455439	-3.7187679	40.3850336
247	10	22	7883.735722	17	-3.7071303	40.4455439	-3.6163407	40.4607255
248	10	12	7930.309804	18	-3.7071303	40.4455439	-3.6515286	40.3881478
249	10	21	9879.154408	19	-3.7071303	40.4455439	-3.7746101	40.5180701
250	10	18	10897.23181	20	-3.7071303	40.4455439	-3.5805649	40.4623628
251	10	4	10938.83002	21	-3.7071303	40.4455439	-3.7133167	40.347147
252	10	7	11329.51668	22	-3.7071303	40.4455439	-3.5800258	40.4769179
253	10	17	11396.54586	23	-3.7071303	40.4455439	-3.6121394	40.3730118
254	11	16	2389.199745	1	-3.7115364	40.4782322	-3.6887449	40.4655841
255	11	23	3091.634615	2	-3.7115364	40.4782322	-3.6897308	40.5005477
256	11	10	3649.010613	3	-3.7115364	40.4782322	-3.7071303	40.4455439
257	11	2	4151.654367	4	-3.7115364	40.4782322	-3.6773491	40.4514734
258	11	14	4620.551667	5	-3.7115364	40.4782322	-3.6903729	40.4398904
259	11	20	4675.017629	6	-3.7115364	40.4782322	-3.6605173	40.4942012
260	11	0	6035.502258	7	-3.7115364	40.4782322	-3.7122567	40.4238823
261	11	8	6592.469263	8	-3.7115364	40.4782322	-3.7031662	40.4192091
262	11	1	6764.358493	9	-3.7115364	40.4782322	-3.6823158	40.4215533
263	11	21	6939.567762	10	-3.7115364	40.4782322	-3.7746101	40.5180701
264	11	6	7208.878399	11	-3.7115364	40.4782322	-3.7473445	40.4193577
265	11	3	7455.285123	12	-3.7115364	40.4782322	-3.6392422	40.4400457
266	11	15	7499.313458	13	-3.7115364	40.4782322	-3.6824999	40.4144444
267	11	22	8303.940993	14	-3.7115364	40.4782322	-3.6163407	40.4607255
268	11	13	9142.119106	15	-3.7115364	40.4782322	-3.6868138	40.3980991
269	11	5	9425.211714	16	-3.7115364	40.4782322	-3.7318356	40.3947825
270	11	9	9616.307738	17	-3.7115364	40.4782322	-3.6453104	40.4079517
271	11	19	10367.22195	18	-3.7115364	40.4782322	-3.7187679	40.3850336
272	11	7	11152.52455	19	-3.7115364	40.4782322	-3.5800258	40.4769179
273	11	12	11224.56662	20	-3.7115364	40.4782322	-3.6515286	40.3881478
274	11	18	11245.97743	21	-3.7115364	40.4782322	-3.5805649	40.4623628
275	11	17	14410.53899	22	-3.7115364	40.4782322	-3.6121394	40.3730118
276	11	4	14556.82229	23	-3.7115364	40.4782322	-3.7133167	40.347147
277	12	9	2261.545755	1	-3.6515286	40.3881478	-3.6453104	40.4079517
278	12	13	3193.087499	2	-3.6515286	40.3881478	-3.6868138	40.3980991
279	12	17	3743.375909	3	-3.6515286	40.3881478	-3.6121394	40.3730118
280	12	15	3929.295886	4	-3.6515286	40.3881478	-3.6824999	40.4144444
281	12	1	4537.615119	5	-3.6515286	40.3881478	-3.6823158	40.4215533
282	12	8	5577.736175	6	-3.6515286	40.3881478	-3.7031662	40.4192091
283	12	19	5719.774926	7	-3.6515286	40.3881478	-3.7187679	40.3850336
284	12	3	5856.469025	8	-3.6515286	40.3881478	-3.6392422	40.4400457
285	12	0	6505.307302	9	-3.6515286	40.3881478	-3.7122567	40.4238823
286	12	14	6624.359375	10	-3.6515286	40.3881478	-3.6903729	40.4398904
287	12	5	6858.089698	11	-3.6515286	40.3881478	-3.7318356	40.3947825
288	12	4	6947.562054	12	-3.6515286	40.3881478	-3.7133167	40.347147
289	12	2	7365.383603	13	-3.6515286	40.3881478	-3.6773491	40.4514734
290	12	10	7930.309804	14	-3.6515286	40.3881478	-3.7071303	40.4455439
291	12	22	8594.66434	15	-3.6515286	40.3881478	-3.6163407	40.4607255
292	12	6	8841.240362	16	-3.6515286	40.3881478	-3.7473445	40.4193577
293	12	16	9160.374425	17	-3.6515286	40.3881478	-3.6887449	40.4655841
294	12	18	10206.88574	18	-3.6515286	40.3881478	-3.5805649	40.4623628
295	12	11	11224.56662	19	-3.6515286	40.3881478	-3.7115364	40.4782322
296	12	7	11574.84965	20	-3.6515286	40.3881478	-3.5800258	40.4769179
297	12	20	11801.16744	21	-3.6515286	40.3881478	-3.6605173	40.4942012
298	12	23	12895.17052	22	-3.6515286	40.3881478	-3.6897308	40.5005477
299	12	21	17808.55431	23	-3.6515286	40.3881478	-3.7746101	40.5180701
300	13	15	1851.593678	1	-3.6868138	40.3980991	-3.6824999	40.4144444
301	13	1	2632.249439	2	-3.6868138	40.3980991	-3.6823158	40.4215533
302	13	8	2724.239049	3	-3.6868138	40.3980991	-3.7031662	40.4192091
303	13	19	3076.59484	4	-3.6868138	40.3980991	-3.7187679	40.3850336
304	13	12	3193.087499	5	-3.6868138	40.3980991	-3.6515286	40.3881478
305	13	0	3586.190482	6	-3.6868138	40.3980991	-3.7122567	40.4238823
306	13	9	3689.170141	7	-3.6868138	40.3980991	-3.6453104	40.4079517
307	13	5	3839.96094	8	-3.6868138	40.3980991	-3.7318356	40.3947825
308	13	14	4650.438774	9	-3.6868138	40.3980991	-3.6903729	40.4398904
309	13	10	5543.361079	10	-3.6868138	40.3980991	-3.7071303	40.4455439
310	13	6	5654.335192	11	-3.6868138	40.3980991	-3.7473445	40.4193577
311	13	2	5981.008561	12	-3.6868138	40.3980991	-3.6773491	40.4514734
312	13	4	6089.097265	13	-3.6868138	40.3980991	-3.7133167	40.347147
313	13	3	6164.099816	14	-3.6868138	40.3980991	-3.6392422	40.4400457
314	13	17	6925.689763	15	-3.6868138	40.3980991	-3.6121394	40.3730118
315	13	16	7495.524286	16	-3.6868138	40.3980991	-3.6887449	40.4655841
316	13	11	9142.119106	17	-3.6868138	40.3980991	-3.7115364	40.4782322
317	13	22	9171.846102	18	-3.6868138	40.3980991	-3.6163407	40.4607255
318	13	20	10902.17554	19	-3.6868138	40.3980991	-3.6605173	40.4942012
319	13	23	11378.91949	20	-3.6868138	40.3980991	-3.6897308	40.5005477
320	13	18	11498.15686	21	-3.6868138	40.3980991	-3.5805649	40.4623628
321	13	7	12597.47435	22	-3.6868138	40.3980991	-3.5800258	40.4769179
322	13	21	15262.11485	23	-3.6868138	40.3980991	-3.7746101	40.5180701
323	14	10	1554.132238	1	-3.6903729	40.4398904	-3.7071303	40.4455439
324	14	2	1695.618872	2	-3.6903729	40.4398904	-3.6773491	40.4514734
325	14	1	2147.918941	3	-3.6903729	40.4398904	-3.6823158	40.4215533
326	14	8	2540.172686	4	-3.6903729	40.4398904	-3.7031662	40.4192091
327	14	0	2570.59323	5	-3.6903729	40.4398904	-3.7122567	40.4238823
328	14	16	2856.454628	6	-3.6903729	40.4398904	-3.6887449	40.4655841
329	14	15	2903.50647	7	-3.6903729	40.4398904	-3.6824999	40.4144444
330	14	3	4338.130421	8	-3.6903729	40.4398904	-3.6392422	40.4400457
331	14	11	4620.551667	9	-3.6903729	40.4398904	-3.7115364	40.4782322
332	14	13	4650.438774	10	-3.6903729	40.4398904	-3.6868138	40.3980991
333	14	9	5215.582045	11	-3.6903729	40.4398904	-3.6453104	40.4079517
334	14	6	5345.077291	12	-3.6903729	40.4398904	-3.7473445	40.4193577
335	14	5	6121.480801	13	-3.6903729	40.4398904	-3.7318356	40.3947825
336	14	20	6540.836637	14	-3.6903729	40.4398904	-3.6605173	40.4942012
337	14	19	6550.897126	15	-3.6903729	40.4398904	-3.7187679	40.3850336
338	14	12	6624.359375	16	-3.6903729	40.4398904	-3.6515286	40.3881478
339	14	22	6692.779317	17	-3.6903729	40.4398904	-3.6163407	40.4607255
340	14	23	6735.830053	18	-3.6903729	40.4398904	-3.6897308	40.5005477
341	14	18	9643.390435	19	-3.6903729	40.4398904	-3.5805649	40.4623628
342	14	17	9962.538461	20	-3.6903729	40.4398904	-3.6121394	40.3730118
343	14	7	10222.95555	21	-3.6903729	40.4398904	-3.5800258	40.4769179
344	14	4	10481.04303	22	-3.6903729	40.4398904	-3.7133167	40.347147
345	14	21	11242.16275	23	-3.6903729	40.4398904	-3.7746101	40.5180701
346	15	1	789.5458968	1	-3.6824999	40.4144444	-3.6823158	40.4215533
347	15	8	1832.058629	2	-3.6824999	40.4144444	-3.7031662	40.4192091
348	15	13	1851.593678	3	-3.6824999	40.4144444	-3.6868138	40.3980991
349	15	0	2734.261277	4	-3.6824999	40.4144444	-3.7122567	40.4238823
350	15	14	2903.50647	5	-3.6824999	40.4144444	-3.6903729	40.4398904
351	15	9	3237.910623	6	-3.6824999	40.4144444	-3.6453104	40.4079517
352	15	12	3929.295886	7	-3.6824999	40.4144444	-3.6515286	40.3881478
353	15	10	4036.590387	8	-3.6824999	40.4144444	-3.7071303	40.4455439
354	15	2	4134.972656	9	-3.6824999	40.4144444	-3.6773491	40.4514734
355	15	19	4488.378329	10	-3.6824999	40.4144444	-3.7187679	40.3850336
356	15	3	4642.913185	11	-3.6824999	40.4144444	-3.6392422	40.4400457
357	15	5	4722.935207	12	-3.6824999	40.4144444	-3.7318356	40.3947825
358	15	6	5530.485231	13	-3.6824999	40.4144444	-3.7473445	40.4193577
359	15	16	5703.375605	14	-3.6824999	40.4144444	-3.6887449	40.4655841
360	15	11	7499.313458	15	-3.6824999	40.4144444	-3.7115364	40.4782322
361	15	17	7540.03899	16	-3.6824999	40.4144444	-3.6121394	40.3730118
362	15	22	7610.594152	17	-3.6824999	40.4144444	-3.6163407	40.4607255
363	15	4	7917.788342	18	-3.6824999	40.4144444	-3.7133167	40.347147
364	15	20	9050.634596	19	-3.6824999	40.4144444	-3.6605173	40.4942012
365	15	23	9580.858287	20	-3.6824999	40.4144444	-3.6897308	40.5005477
366	15	18	10154.46193	21	-3.6824999	40.4144444	-3.5805649	40.4623628
367	15	7	11122.16265	22	-3.6824999	40.4144444	-3.5800258	40.4769179
368	15	21	13908.12354	23	-3.6824999	40.4144444	-3.7746101	40.5180701
369	16	2	1841.053163	1	-3.6887449	40.4655841	-3.6773491	40.4514734
370	16	11	2389.199745	2	-3.6887449	40.4655841	-3.7115364	40.4782322
371	16	10	2717.387658	3	-3.6887449	40.4655841	-3.7071303	40.4455439
372	16	14	2856.454628	4	-3.6887449	40.4655841	-3.6903729	40.4398904
373	16	23	3883.395361	5	-3.6887449	40.4655841	-3.6897308	40.5005477
374	16	20	3978.313961	6	-3.6887449	40.4655841	-3.6605173	40.4942012
375	16	1	4919.649065	7	-3.6887449	40.4655841	-3.6823158	40.4215533
376	16	0	5042.03613	8	-3.6887449	40.4655841	-3.7122567	40.4238823
377	16	3	5067.069906	9	-3.6887449	40.4655841	-3.6392422	40.4400457
378	16	8	5292.977836	10	-3.6887449	40.4655841	-3.7031662	40.4192091
379	16	15	5703.375605	11	-3.6887449	40.4655841	-3.6824999	40.4144444
380	16	22	6164.55288	12	-3.6887449	40.4655841	-3.6163407	40.4607255
381	16	6	7146.030444	13	-3.6887449	40.4655841	-3.7473445	40.4193577
382	16	9	7384.937069	14	-3.6887449	40.4655841	-3.6453104	40.4079517
383	16	13	7495.524286	15	-3.6887449	40.4655841	-3.6868138	40.3980991
384	16	5	8670.708019	16	-3.6887449	40.4655841	-3.7318356	40.3947825
385	16	12	9160.374425	17	-3.6887449	40.4655841	-3.6515286	40.3881478
386	16	18	9182.049991	18	-3.6887449	40.4655841	-3.5805649	40.4623628
387	16	19	9300.341392	19	-3.6887449	40.4655841	-3.7187679	40.3850336
388	16	7	9305.309611	20	-3.6887449	40.4655841	-3.5800258	40.4769179
389	16	21	9325.207526	21	-3.6887449	40.4655841	-3.7746101	40.5180701
390	16	17	12162.91568	22	-3.6887449	40.4655841	-3.6121394	40.3730118
391	16	4	13315.91811	23	-3.6887449	40.4655841	-3.7133167	40.347147
392	17	12	3743.375909	1	-3.6121394	40.3730118	-3.6515286	40.3881478
393	17	9	4794.263388	2	-3.6121394	40.3730118	-3.6453104	40.4079517
394	17	13	6925.689763	3	-3.6121394	40.3730118	-3.6868138	40.3980991
395	17	15	7540.03899	4	-3.6121394	40.3730118	-3.6824999	40.4144444
396	17	3	7791.033672	5	-3.6121394	40.3730118	-3.6392422	40.4400457
397	17	1	8034.220886	6	-3.6121394	40.3730118	-3.6823158	40.4215533
398	17	4	9061.561682	7	-3.6121394	40.3730118	-3.7133167	40.347147
399	17	19	9152.7475	8	-3.6121394	40.3730118	-3.7187679	40.3850336
400	17	8	9275.656046	9	-3.6121394	40.3730118	-3.7031662	40.4192091
401	17	22	9746.486844	10	-3.6121394	40.3730118	-3.6163407	40.4607255
402	17	14	9962.538461	11	-3.6121394	40.3730118	-3.6903729	40.4398904
403	17	0	10205.40164	12	-3.6121394	40.3730118	-3.7122567	40.4238823
404	17	18	10277.29268	13	-3.6121394	40.3730118	-3.5805649	40.4623628
405	17	2	10322.00802	14	-3.6121394	40.3730118	-3.6773491	40.4514734
406	17	5	10447.39001	15	-3.6121394	40.3730118	-3.7318356	40.3947825
407	17	10	11396.54586	16	-3.6121394	40.3730118	-3.7071303	40.4455439
408	17	7	11855.50056	17	-3.6121394	40.3730118	-3.5800258	40.4769179
409	17	16	12162.91568	18	-3.6121394	40.3730118	-3.6887449	40.4655841
410	17	6	12579.54902	19	-3.6121394	40.3730118	-3.7473445	40.4193577
411	17	20	14069.38118	20	-3.6121394	40.3730118	-3.6605173	40.4942012
412	17	11	14410.53899	21	-3.6121394	40.3730118	-3.7115364	40.4782322
413	17	23	15617.38956	22	-3.6121394	40.3730118	-3.6897308	40.5005477
414	17	21	21200.02882	23	-3.6121394	40.3730118	-3.7746101	40.5180701
415	18	7	1616.898232	1	-3.5805649	40.4623628	-3.5800258	40.4769179
416	18	22	3039.8075	2	-3.5805649	40.4623628	-3.6163407	40.4607255
417	18	3	5560.328995	3	-3.5805649	40.4623628	-3.6392422	40.4400457
418	18	20	7646.047566	4	-3.5805649	40.4623628	-3.6605173	40.4942012
419	18	9	8166.100152	5	-3.5805649	40.4623628	-3.6453104	40.4079517
420	18	2	8298.001303	6	-3.5805649	40.4623628	-3.6773491	40.4514734
421	18	16	9182.049991	7	-3.5805649	40.4623628	-3.6887449	40.4655841
422	18	14	9643.390435	8	-3.5805649	40.4623628	-3.6903729	40.4398904
423	18	1	9749.7557	9	-3.5805649	40.4623628	-3.6823158	40.4215533
424	18	15	10154.46193	10	-3.5805649	40.4623628	-3.6824999	40.4144444
425	18	23	10181.27242	11	-3.5805649	40.4623628	-3.6897308	40.5005477
426	18	12	10206.88574	12	-3.5805649	40.4623628	-3.6515286	40.3881478
427	18	17	10277.29268	13	-3.5805649	40.4623628	-3.6121394	40.3730118
428	18	10	10897.23181	14	-3.5805649	40.4623628	-3.7071303	40.4455439
429	18	11	11245.97743	15	-3.5805649	40.4623628	-3.7115364	40.4782322
430	18	8	11452.47999	16	-3.5805649	40.4623628	-3.7031662	40.4192091
431	18	13	11498.15686	17	-3.5805649	40.4623628	-3.6868138	40.3980991
432	18	0	11961.87208	18	-3.5805649	40.4623628	-3.7122567	40.4238823
433	18	19	14535.81002	19	-3.5805649	40.4623628	-3.7187679	40.3850336
434	18	5	14869.07923	20	-3.5805649	40.4623628	-3.7318356	40.3947825
435	18	6	14934.03423	21	-3.5805649	40.4623628	-3.7473445	40.4193577
436	18	4	17049.10421	22	-3.5805649	40.4623628	-3.7133167	40.347147
437	18	21	17575.74698	23	-3.5805649	40.4623628	-3.7746101	40.5180701
438	19	5	1550.14301	1	-3.7187679	40.3850336	-3.7318356	40.3947825
439	19	13	3076.59484	2	-3.7187679	40.3850336	-3.6868138	40.3980991
440	19	8	4019.406331	3	-3.7187679	40.3850336	-3.7031662	40.4192091
441	19	4	4232.392971	4	-3.7187679	40.3850336	-3.7133167	40.347147
442	19	0	4349.118698	5	-3.7187679	40.3850336	-3.7122567	40.4238823
443	19	15	4488.378329	6	-3.7187679	40.3850336	-3.6824999	40.4144444
444	19	6	4517.956467	7	-3.7187679	40.3850336	-3.7473445	40.4193577
445	19	1	5101.001178	8	-3.7187679	40.3850336	-3.6823158	40.4215533
446	19	12	5719.774926	9	-3.7187679	40.3850336	-3.6515286	40.3881478
447	19	14	6550.897126	10	-3.7187679	40.3850336	-3.6903729	40.4398904
448	19	9	6735.646557	11	-3.7187679	40.3850336	-3.6453104	40.4079517
449	19	10	6791.433357	12	-3.7187679	40.3850336	-3.7071303	40.4455439
450	19	2	8172.310504	13	-3.7187679	40.3850336	-3.6773491	40.4514734
451	19	3	9103.736117	14	-3.7187679	40.3850336	-3.6392422	40.4400457
452	19	17	9152.7475	15	-3.7187679	40.3850336	-3.6121394	40.3730118
453	19	16	9300.341392	16	-3.7187679	40.3850336	-3.6887449	40.4655841
454	19	11	10367.22195	17	-3.7187679	40.3850336	-3.7115364	40.4782322
455	19	22	12091.46291	18	-3.7187679	40.3850336	-3.6163407	40.4607255
456	19	23	13061.47139	19	-3.7187679	40.3850336	-3.6897308	40.5005477
457	19	20	13091.05195	20	-3.7187679	40.3850336	-3.6605173	40.4942012
458	19	18	14535.81002	21	-3.7187679	40.3850336	-3.5805649	40.4623628
459	19	21	15513.71674	22	-3.7187679	40.3850336	-3.7746101	40.5180701
460	19	7	15578.97299	23	-3.7187679	40.3850336	-3.5800258	40.4769179
461	20	23	2574.784153	1	-3.6605173	40.4942012	-3.6897308	40.5005477
462	20	16	3978.313961	2	-3.6605173	40.4942012	-3.6887449	40.4655841
463	20	11	4675.017629	3	-3.6605173	40.4942012	-3.7115364	40.4782322
464	20	2	4954.707694	4	-3.6605173	40.4942012	-3.6773491	40.4514734
465	20	22	5277.37069	5	-3.6605173	40.4942012	-3.6163407	40.4607255
466	20	3	6278.474349	6	-3.6605173	40.4942012	-3.6392422	40.4400457
467	20	14	6540.836637	7	-3.6605173	40.4942012	-3.6903729	40.4398904
468	20	10	6694.767214	8	-3.6605173	40.4942012	-3.7071303	40.4455439
469	20	7	7089.273145	9	-3.6605173	40.4942012	-3.5800258	40.4769179
470	20	18	7646.047566	10	-3.6605173	40.4942012	-3.5805649	40.4623628
471	20	1	8276.251494	11	-3.6605173	40.4942012	-3.6823158	40.4215533
472	20	0	8957.169189	12	-3.6605173	40.4942012	-3.7122567	40.4238823
473	20	15	9050.634596	13	-3.6605173	40.4942012	-3.6824999	40.4144444
474	20	8	9079.211968	14	-3.6605173	40.4942012	-3.7031662	40.4192091
475	20	9	9663.914613	15	-3.6605173	40.4942012	-3.6453104	40.4079517
476	20	21	10027.16012	16	-3.6605173	40.4942012	-3.7746101	40.5180701
477	20	13	10902.17554	17	-3.6605173	40.4942012	-3.6868138	40.3980991
478	20	6	11104.59213	18	-3.6605173	40.4942012	-3.7473445	40.4193577
479	20	12	11801.16744	19	-3.6605173	40.4942012	-3.6515286	40.3881478
480	20	5	12589.07043	20	-3.6605173	40.4942012	-3.7318356	40.3947825
481	20	19	13091.05195	21	-3.6605173	40.4942012	-3.7187679	40.3850336
482	20	17	14069.38118	22	-3.6605173	40.4942012	-3.6121394	40.3730118
483	20	4	16932.95424	23	-3.6605173	40.4942012	-3.7133167	40.347147
484	21	11	6939.567762	1	-3.7746101	40.5180701	-3.7115364	40.4782322
485	21	23	7452.524311	2	-3.7746101	40.5180701	-3.6897308	40.5005477
486	21	16	9325.207526	3	-3.7746101	40.5180701	-3.6887449	40.4655841
487	21	10	9879.154408	4	-3.7746101	40.5180701	-3.7071303	40.4455439
488	21	20	10027.16012	5	-3.7746101	40.5180701	-3.6605173	40.4942012
489	21	2	11076.66501	6	-3.7746101	40.5180701	-3.6773491	40.4514734
490	21	6	11202.62377	7	-3.7746101	40.5180701	-3.7473445	40.4193577
491	21	14	11242.16275	8	-3.7746101	40.5180701	-3.6903729	40.4398904
492	21	0	11719.68679	9	-3.7746101	40.5180701	-3.7122567	40.4238823
493	21	8	12538.93703	10	-3.7746101	40.5180701	-3.7031662	40.4192091
494	21	1	13271.38903	11	-3.7746101	40.5180701	-3.6823158	40.4215533
495	21	15	13908.12354	12	-3.7746101	40.5180701	-3.6824999	40.4144444
496	21	5	14162.90228	13	-3.7746101	40.5180701	-3.7318356	40.3947825
497	21	3	14381.26423	14	-3.7746101	40.5180701	-3.6392422	40.4400457
498	21	22	14852.54354	15	-3.7746101	40.5180701	-3.6163407	40.4607255
499	21	13	15262.11485	16	-3.7746101	40.5180701	-3.6868138	40.3980991
500	21	19	15513.71674	17	-3.7746101	40.5180701	-3.7187679	40.3850336
501	21	9	16425.15279	18	-3.7746101	40.5180701	-3.6453104	40.4079517
502	21	7	17116.36986	19	-3.7746101	40.5180701	-3.5800258	40.4769179
503	21	18	17575.74698	20	-3.7746101	40.5180701	-3.5805649	40.4623628
504	21	12	17808.55431	21	-3.7746101	40.5180701	-3.6515286	40.3881478
505	21	4	19679.49065	22	-3.7746101	40.5180701	-3.7133167	40.347147
506	21	17	21200.02882	23	-3.7746101	40.5180701	-3.6121394	40.3730118
507	22	3	3007.901335	1	-3.6163407	40.4607255	-3.6392422	40.4400457
508	22	18	3039.8075	2	-3.6163407	40.4607255	-3.5805649	40.4623628
509	22	7	3566.221765	3	-3.6163407	40.4607255	-3.5800258	40.4769179
510	22	2	5275.913752	4	-3.6163407	40.4607255	-3.6773491	40.4514734
511	22	20	5277.37069	5	-3.6163407	40.4607255	-3.6605173	40.4942012
512	22	16	6164.55288	6	-3.6163407	40.4607255	-3.6887449	40.4655841
513	22	9	6354.815795	7	-3.6163407	40.4607255	-3.6453104	40.4079517
514	22	14	6692.779317	8	-3.6163407	40.4607255	-3.6903729	40.4398904
515	22	1	7088.878095	9	-3.6163407	40.4607255	-3.6823158	40.4215533
516	22	15	7610.594152	10	-3.6163407	40.4607255	-3.6824999	40.4144444
517	22	23	7634.048857	11	-3.6163407	40.4607255	-3.6897308	40.5005477
518	22	10	7883.735722	12	-3.6163407	40.4607255	-3.7071303	40.4455439
519	22	11	8303.940993	13	-3.6163407	40.4607255	-3.7115364	40.4782322
520	22	12	8594.66434	14	-3.6163407	40.4607255	-3.6515286	40.3881478
521	22	8	8690.184576	15	-3.6163407	40.4607255	-3.7031662	40.4192091
522	22	0	9108.097355	16	-3.6163407	40.4607255	-3.7122567	40.4238823
523	22	13	9171.846102	17	-3.6163407	40.4607255	-3.6868138	40.3980991
524	22	17	9746.486844	18	-3.6163407	40.4607255	-3.6121394	40.3730118
525	22	6	12026.61758	19	-3.6163407	40.4607255	-3.7473445	40.4193577
526	22	19	12091.46291	20	-3.6163407	40.4607255	-3.7187679	40.3850336
527	22	5	12234.10967	21	-3.6163407	40.4607255	-3.7318356	40.3947825
528	22	21	14852.54354	22	-3.6163407	40.4607255	-3.7746101	40.5180701
529	22	4	15060.9282	23	-3.6163407	40.4607255	-3.7133167	40.347147
530	23	20	2574.784153	1	-3.6897308	40.5005477	-3.6605173	40.4942012
531	23	11	3091.634615	2	-3.6897308	40.5005477	-3.7115364	40.4782322
532	23	16	3883.395361	3	-3.6897308	40.5005477	-3.6887449	40.4655841
533	23	2	5549.621729	4	-3.6897308	40.5005477	-3.6773491	40.4514734
534	23	10	6283.52421	5	-3.6897308	40.5005477	-3.7071303	40.4455439
535	23	14	6735.830053	6	-3.6897308	40.5005477	-3.6903729	40.4398904
536	23	21	7452.524311	7	-3.6897308	40.5005477	-3.7746101	40.5180701
537	23	22	7634.048857	8	-3.6897308	40.5005477	-3.6163407	40.4607255
538	23	3	7966.763114	9	-3.6897308	40.5005477	-3.6392422	40.4400457
539	23	0	8724.945837	10	-3.6897308	40.5005477	-3.7122567	40.4238823
540	23	1	8794.332015	11	-3.6897308	40.5005477	-3.6823158	40.4215533
541	23	8	9103.726162	12	-3.6897308	40.5005477	-3.7031662	40.4192091
542	23	15	9580.858287	13	-3.6897308	40.5005477	-3.6824999	40.4144444
543	23	7	9664.04417	14	-3.6897308	40.5005477	-3.5800258	40.4769179
544	23	18	10181.27242	15	-3.6897308	40.5005477	-3.5805649	40.4623628
545	23	6	10254.80928	16	-3.6897308	40.5005477	-3.7473445	40.4193577
546	23	9	10950.83059	17	-3.6897308	40.5005477	-3.6453104	40.4079517
547	23	13	11378.91949	18	-3.6897308	40.5005477	-3.6868138	40.3980991
548	23	5	12275.66765	19	-3.6897308	40.5005477	-3.7318356	40.3947825
549	23	12	12895.17052	20	-3.6897308	40.5005477	-3.6515286	40.3881478
550	23	19	13061.47139	21	-3.6897308	40.5005477	-3.7187679	40.3850336
551	23	17	15617.38956	22	-3.6897308	40.5005477	-3.6121394	40.3730118
552	23	4	17151.23603	23	-3.6897308	40.5005477	-3.7133167	40.347147
